Fecha	 # VACAS	 TOTAL LECHE	 Litros vaca	 Vacas en ordeño / ha	 Litros / ha / año
1/01/2018	15	342	22.8	2.3	19,505
2/01/2018	15	340	22.7	2.3	19,391
3/01/2018	15	342	22.8	2.3	19,505
4/01/2018	15	351	23.4	2.3	20,018
5/01/2018	15	343	22.9	2.3	19,562
6/01/2018	15	335	22.3	2.3	19,105
7/01/2018	15	343	22.9	2.3	19,562
8/01/2018	15	340	22.7	2.3	19,391
9/01/2018	15	328	21.9	2.3	18,706
10/01/2018	15	331	22.1	2.3	18,877
11/01/2018	15	339	22.6	2.3	19,334
12/01/2018	15	348	23.2	2.3	19,847
13/01/2018	15	332	22.1	2.3	18,934
14/01/2018	16	337	21.1	2.5	19,220
15/01/2018	16	325	20.3	2.5	18,535
16/01/2018	16	306	19.1	2.5	17,452
17/01/2018	16	326	20.4	2.5	18,592
18/01/2018	16	320	20.0	2.5	18,250
19/01/2018	16	333	20.8	2.5	18,991
20/01/2018	16	321	20.1	2.5	18,307
21/01/2018	16	323	20.2	2.5	18,421
22/01/2018	16	318	19.9	2.5	18,136
23/01/2018	16	317	19.8	2.5	18,079
24/01/2018	16	315	19.7	2.5	17,965
25/01/2018	16	320	20.0	2.5	18,250
26/01/2018	16	322	20.1	2.5	18,364
27/01/2018	16	320	20.0	2.5	18,250
28/01/2018	16	305	19.1	2.5	17,395
29/01/2018	16	300	18.8	2.5	17,109
30/01/2018	16	306	19.1	2.5	17,452
31/01/2018	16	297	18.6	2.5	16,938
1/02/2018	15	293	19.5	2.3	16,710
2/02/2018	17	297	17.5	2.7	16,938
3/02/2018	17	314	18.5	2.7	17,908
4/02/2018	18	320	17.8	2.8	18,250
5/02/2018	18	322	17.9	2.8	18,364
6/02/2018	18	337	18.7	2.8	19,220
7/02/2018	18	357	19.8	2.8	20,360
8/02/2018	18	349	19.4	2.8	19,904
9/02/2018	18	364	20.2	2.8	20,759
10/02/2018	18	358	19.9	2.8	20,417
11/02/2018	18	374	20.8	2.8	21,330
12/02/2018	18	362	20.1	2.8	20,645
13/02/2018	18	374	20.8	2.8	21,330
14/02/2018	18	366	20.3	2.8	20,873
15/02/2018	18	379	21.1	2.8	21,615
16/02/2018	18	368	20.4	2.8	20,988
17/02/2018	18	355	19.7	2.8	20,246
18/02/2018	18	362	20.1	2.8	20,645
19/02/2018	17	365	21.5	2.7	20,816
20/02/2018	17	368	21.6	2.7	20,988
21/02/2018	17	382	22.5	2.7	21,786
22/02/2018	17	415	24.4	2.7	23,668
23/02/2018	20	408	20.4	3.1	23,269
24/02/2018	20	416	20.8	3.1	23,725
25/02/2018	20	396	19.8	3.1	22,584
26/02/2018	20	404	20.2	3.1	23,041
27/02/2018	20	387	19.4	3.1	22,071
28/02/2018	20	396	19.8	3.1	22,584
1/03/2018	20	407	20.4	3.1	23,212
2/03/2018	18	401	22.3	2.8	22,870
3/03/2018	18	411	22.8	2.8	23,440
4/03/2018	18	446	24.8	2.8	25,436
5/03/2018	18	440	24.4	2.8	25,094
6/03/2018	18	457	25.4	2.8	26,063
7/03/2018	18	445	24.7	2.8	25,379
8/03/2018	20	458	22.9	3.1	26,120
9/03/2018	20	460	23.0	3.1	26,234
10/03/2018	20	460	23.0	3.1	26,234
11/03/2018	20	481	24.1	3.1	27,432
12/03/2018	20	472	23.6	3.1	26,919
13/03/2018	20	473	23.7	3.1	26,976
14/03/2018	20	483	24.2	3.1	27,546
15/03/2018	20	479	24.0	3.1	27,318
16/03/2018	21	476	22.7	3.3	27,147
17/03/2018	21	472	22.5	3.3	26,919
18/03/2018	21	481	22.9	3.3	27,432
19/03/2018	21	495	23.6	3.3	28,230
20/03/2018	21	511	24.3	3.3	29,143
21/03/2018	21	494	23.5	3.3	28,173
22/03/2018	21	504	24.0	3.3	28,744
23/03/2018	22	527	24.0	3.4	30,055
24/03/2018	22	528	24.0	3.4	30,113
25/03/2018	22	531	24.1	3.4	30,284
26/03/2018	22	523	23.8	3.4	29,827
27/03/2018	22	520	23.6	3.4	29,656
28/03/2018	22	535	24.3	3.4	30,512
29/03/2018	22	512	23.3	3.4	29,200
30/03/2018	22	506	23.0	3.4	28,858
31/03/2018	21	494	23.5	3.3	28,173
1/04/2018	20	493	24.7	3.1	28,116
2/04/2018	20	485	24.3	3.1	27,660
3/04/2018	20	508	25.4	3.1	28,972
4/04/2018	20	508	25.4	3.1	28,972
5/04/2018	20	498	24.9	3.1	28,402
6/04/2018	20	500	25.0	3.1	28,516
7/04/2018	20	518	25.9	3.1	29,542
8/04/2018	20	512	25.6	3.1	29,200
9/04/2018	20	499	25.0	3.1	28,459
10/04/2018	20	505	25.3	3.1	28,801
11/04/2018	20	508	25.4	3.1	28,972
12/04/2018	20	514	25.7	3.1	29,314
13/04/2018	20	501	25.1	3.1	28,573
14/04/2018	20	517	25.9	3.1	29,485
15/04/2018	20	503	25.2	3.1	28,687
16/04/2018	20	522	26.1	3.1	29,770
17/04/2018	20	499	25.0	3.1	28,459
18/04/2018	20	497	24.9	3.1	28,345
19/04/2018	20	489	24.5	3.1	27,888
20/04/2018	20	487	24.4	3.1	27,774
21/04/2018	20	491	24.6	3.1	28,002
22/04/2018	20	494	24.7	3.1	28,173
23/04/2018	20	483	24.2	3.1	27,546
24/04/2018	20	509	25.5	3.1	29,029
25/04/2018	21	511	24.3	3.3	29,143
26/04/2018	21	513	24.4	3.3	29,257
27/04/2018	21	520	24.8	3.3	29,656
28/04/2018	21	501	23.9	3.3	28,573
29/04/2018	21	514	24.5	3.3	29,314
30/04/2018	21	498	23.7	3.3	28,402
1/05/2018	21	509	24.2	3.3	29,029
2/05/2018	21	507	24.1	3.3	28,915
3/05/2018	21	487	23.2	3.3	27,774
4/05/2018	21	495	23.6	3.3	28,230
5/05/2018	21	471	22.4	3.3	26,862
6/05/2018	21	470	22.4	3.3	26,805
7/05/2018	21	484	23.0	3.3	27,603
8/05/2018	21	502	23.9	3.3	28,630
9/05/2018	21	490	23.3	3.3	27,945
10/05/2018	21	491	23.4	3.3	28,002
11/05/2018	21	493	23.5	3.3	28,116
12/05/2018	21	489	23.3	3.3	27,888
13/05/2018	21	491	23.4	3.3	28,002
14/05/2018	21	483	23.0	3.3	27,546
15/05/2018	21	486	23.1	3.3	27,717
16/05/2018	21	475	22.6	3.3	27,090
17/05/2018	21	468	22.3	3.3	26,691
18/05/2018	21	464	22.1	3.3	26,463
19/05/2018	21	460	21.9	3.3	26,234
20/05/2018	21	466	22.2	3.3	26,577
21/05/2018	21	470	22.4	3.3	26,805
22/05/2018	21	475	22.6	3.3	27,090
23/05/2018	21	473	22.5	3.3	26,976
24/05/2018	21	477	22.7	3.3	27,204
25/05/2018	21	491	23.4	3.3	28,002
26/05/2018	21	494	23.5	3.3	28,173
27/05/2018	21	492	23.4	3.3	28,059
28/05/2018	22	500	22.7	3.4	28,516
29/05/2018	22	501	22.8	3.4	28,573
30/05/2018	22	506	23.0	3.4	28,858
31/05/2018	22	500	22.7	3.4	28,516
1/06/2018	22	478	21.7	3.4	27,261
2/06/2018	22	481	21.9	3.4	27,432
3/06/2018	22	466	21.2	3.4	26,577
4/06/2018	22	478	21.7	3.4	27,261
5/06/2018	22	474	21.5	3.4	27,033
6/06/2018	22	461	21.0	3.4	26,291
7/06/2018	22	461	21.0	3.4	26,291
8/06/2018	22	460	20.9	3.4	26,234
9/06/2018	22	451	20.5	3.4	25,721
10/06/2018	22	458	20.8	3.4	26,120
11/06/2018	22	445	20.2	3.4	25,379
12/06/2018	22	443	20.1	3.4	25,265
13/06/2018	22	444	20.2	3.4	25,322
14/06/2018	22	443	20.1	3.4	25,265
15/06/2018	22	437	19.9	3.4	24,923
16/06/2018	22	420	19.1	3.4	23,953
17/06/2018	22	423	19.2	3.4	24,124
18/06/2018	22	424	19.3	3.4	24,181
19/06/2018	22	428	19.5	3.4	24,409
20/06/2018	21	412	19.6	3.3	23,497
21/06/2018	21	435	20.7	3.3	24,809
22/06/2018	21	431	20.5	3.3	24,580
23/06/2018	21	440	21.0	3.3	25,094
24/06/2018	21	434	20.7	3.3	24,752
25/06/2018	21	448	21.3	3.3	25,550
26/06/2018	22	450	20.5	3.4	25,664
27/06/2018	22	443	20.1	3.4	25,265
28/06/2018	22	457	20.8	3.4	26,063
29/06/2018	22	449	20.4	3.4	25,607
30/06/2018	22	443	20.1	3.4	25,265
1/07/2018	22	449	20.4	3.4	25,607
2/07/2018	22	441	20.0	3.4	25,151
3/07/2018	22	444	20.2	3.4	25,322
4/07/2018	22	444	20.2	3.4	25,322
5/07/2018	22	431	19.6	3.4	24,580
6/07/2018	22	438	19.9	3.4	24,980
7/07/2018	22	434	19.7	3.4	24,752
8/07/2018	22	444	20.2	3.4	25,322
9/07/2018	22	423	19.2	3.4	24,124
10/07/2018	22	437	19.9	3.4	24,923
11/07/2018	21	444	21.1	3.3	25,322
12/07/2018	21	443	21.1	3.3	25,265
13/07/2018	21	434	20.7	3.3	24,752
14/07/2018	21	441	21.0	3.3	25,151
15/07/2018	21	438	20.9	3.3	24,980
16/07/2018	21	441	21.0	3.3	25,151
17/07/2018	21	431	20.5	3.3	24,580
18/07/2018	21	421	20.0	3.3	24,010
19/07/2018	21	417	19.9	3.3	23,782
20/07/2018	21	401	19.1	3.3	22,870
21/07/2018	21	414	19.7	3.3	23,611
22/07/2018	21	424	20.2	3.3	24,181
23/07/2018	21	403	19.2	3.3	22,984
24/07/2018	21	405	19.3	3.3	23,098
25/07/2018	21	400	19.0	3.3	22,813
26/07/2018	21	405	19.3	3.3	23,098
27/07/2018	21	405	19.3	3.3	23,098
28/07/2018	21	417	19.9	3.3	23,782
29/07/2018	21	411	19.6	3.3	23,440
30/07/2018	21	386	18.4	3.3	22,014
31/07/2018	21	367	17.5	3.3	20,930
1/08/2018	19	373	19.6	3.0	21,273
2/08/2018	19	362.5	19.1	3.0	20,674
3/08/2018	19	363	19.1	3.0	20,702
4/08/2018	19	391	20.6	3.0	22,299
5/08/2018	19	377	19.8	3.0	21,501
6/08/2018	19	359	18.9	3.0	20,474
7/08/2018	19	362	19.1	3.0	20,645
8/08/2018	19	354	18.6	3.0	20,189
9/08/2018	19	369	19.4	3.0	21,045
10/08/2018	19	374	19.7	3.0	21,330
11/08/2018	17	372	21.9	2.7	21,216
12/08/2018	17	351	20.6	2.7	20,018
13/08/2018	17	337	19.8	2.7	19,220
14/08/2018	17	335	19.7	2.7	19,105
15/08/2018	17	343	20.2	2.7	19,562
16/08/2018	16	302	18.9	2.5	17,223
17/08/2018	16	308	19.3	2.5	17,566
18/08/2018	16	319	19.9	2.5	18,193
19/08/2018	16	327	20.4	2.5	18,649
20/08/2018	16	323	20.2	2.5	18,421
21/08/2018	16	322	20.1	2.5	18,364
22/08/2018	16	322	20.1	2.5	18,364
23/08/2018	16	328	20.5	2.5	18,706
24/08/2018	16	335	20.9	2.5	19,105
25/08/2018	16	334	20.9	2.5	19,048
26/08/2018	16	323	20.2	2.5	18,421
27/08/2018	15	323	21.5	2.3	18,421
28/08/2018	15	343	22.9	2.3	19,562
29/08/2018	15	329	21.9	2.3	18,763
30/08/2018	15	332	22.1	2.3	18,934
31/08/2018	15	335	22.3	2.3	19,105
1/09/2018	16	332	20.8	2.5	18,934
2/09/2018	16	331	20.7	2.5	18,877
3/09/2018	16	342	21.4	2.5	19,505
4/09/2018	16	323	20.2	2.5	18,421
5/09/2018	16	326	20.4	2.5	18,592
6/09/2018	16	312	19.5	2.5	17,794
7/09/2018	16	314	19.6	2.5	17,908
8/09/2018	16	321	20.1	2.5	18,307
9/09/2018	16	319	19.9	2.5	18,193
10/09/2018	16	326	20.4	2.5	18,592
11/09/2018	16	325	20.3	2.5	18,535
12/09/2018	16	329	20.6	2.5	18,763
13/09/2018	16	328	20.5	2.5	18,706
14/09/2018	16	325	20.3	2.5	18,535
15/09/2018	16	333	20.8	2.5	18,991
16/09/2018	16	335	20.9	2.5	19,105
17/09/2018	17	332	19.5	2.7	18,934
18/09/2018	17	323	19.0	2.7	18,421
19/09/2018	17	327	19.2	2.7	18,649
20/09/2018	17	336	19.8	2.7	19,163
21/09/2018	17	328	19.3	2.7	18,706
22/09/2018	17	347	20.4	2.7	19,790
23/09/2018	17	341	20.1	2.7	19,448
24/09/2018	17	339	19.9	2.7	19,334
25/09/2018	17	336	19.8	2.7	19,163
26/09/2018	17	344	20.2	2.7	19,619
27/09/2018	17	335	19.7	2.7	19,105
28/09/2018	17	329	19.4	2.7	18,763
29/09/2018	17	333	19.6	2.7	18,991
30/09/2018	17	347	20.4	2.7	19,790
1/10/2018	17	333	19.6	3.3	23,739
2/10/2018	17	336	19.8	3.3	23,953
3/10/2018	17	332	19.5	3.3	23,668
4/10/2018	17	355	20.9	3.3	25,308
5/10/2018	18	357	19.8	3.5	25,450
6/10/2018	18	353	19.6	3.5	25,165
7/10/2018	18	364	20.2	3.5	25,949
8/10/2018	18	350	19.4	3.5	24,951
9/10/2018	18	347	19.3	3.5	24,737
10/10/2018	18	343	19.1	3.5	24,452
11/10/2018	18	339	18.8	3.5	24,167
12/10/2018	18	349	19.4	3.5	24,880
13/10/2018	18	330	18.3	3.5	23,525
14/10/2018	18	349	19.4	3.5	24,880
15/10/2018	18	396	22.0	3.5	28,230
16/10/2018	19	364	19.2	3.7	25,949
17/10/2018	19	376	19.8	3.7	26,805
18/10/2018	19	375	19.7	3.7	26,733
19/10/2018	19	393	20.7	3.7	28,017
20/10/2018	19	377	19.8	3.7	26,876
21/10/2018	19	374	19.7	3.7	26,662
22/10/2018	19	352	18.5	3.7	25,094
23/10/2018	19	373	19.6	3.7	26,591
24/10/2018	19	375	19.7	3.7	26,733
25/10/2018	19	373	19.6	3.7	26,591
26/10/2018	19	379	19.9	3.7	27,019
27/10/2018	19	365	19.2	3.7	26,021
28/10/2018	19	357	18.8	3.7	25,450
29/10/2018	19	370	19.5	3.7	26,377
30/10/2018	19	363	19.1	3.7	25,878
31/10/2018	19	386	20.3	3.7	27,518
1/11/2018	20	391	19.6	3.9	27,874
2/11/2018	20	356	17.8	3.9	25,379
3/11/2018	20	381	19.1	3.9	27,161
4/11/2018	20	397	19.9	3.9	28,302
5/11/2018	20	387	19.4	3.9	27,589
6/11/2018	20	396	19.8	3.9	28,230
7/11/2018	20	393	19.7	3.9	28,017
8/11/2018	20	391	19.6	3.9	27,874
9/11/2018	20	391	19.6	3.9	27,874
10/11/2018	20	379	19.0	3.9	27,019
11/11/2018	20	366	18.3	3.9	26,092
12/11/2018	20	368	18.4	3.9	26,234
13/11/2018	20	368	18.4	3.9	26,234
14/11/2018	20	355	17.8	3.9	25,308
15/11/2018	20	374	18.7	3.9	26,662
16/11/2018	20	368	18.4	3.9	26,234
17/11/2018	20	357	17.9	3.9	25,450
18/11/2018	20	355	17.8	3.9	25,308
19/11/2018	20	348	17.4	3.9	24,809
20/11/2018	19	352	18.5	3.7	25,094
21/11/2018	19	329	17.3	3.7	23,454
22/11/2018	19	338	17.8	3.7	24,096
23/11/2018	20	343	17.2	3.9	24,452
24/11/2018	20	355	17.8	3.9	25,308
25/11/2018	20	368	18.4	3.9	26,234
26/11/2018	20	360	18.0	3.9	25,664
27/11/2018	20	346	17.3	3.9	24,666
28/11/2018	21	355	16.9	4.1	25,308
29/11/2018	21	363	17.3	4.1	25,878
30/11/2018	21	403	19.2	4.1	28,729
1/12/2018	21	374	17.8	4.1	26,662
2/12/2018	21	366	17.4	4.1	26,092
3/12/2018	20	380	19.0	3.9	27,090
4/12/2018	20	371	18.6	3.9	26,448
5/12/2018	19	380	20.0	3.7	27,090
6/12/2018	19	387	20.4	3.7	27,589
7/12/2018	19	380	20.0	3.7	27,090
8/12/2018	19	393	20.7	3.7	28,017
9/12/2018	19	394	20.7	3.7	28,088
10/12/2018	19	389	20.5	3.7	27,731
11/12/2018	19	400	21.1	3.7	28,516
12/12/2018	19	410	21.6	3.7	29,229
13/12/2018	19	404	21.3	3.7	28,801
14/12/2018	19	403	21.2	3.7	28,729
15/12/2018	18	387	21.5	3.5	27,589
16/12/2018	18	393	21.8	3.5	28,017
17/12/2018	18	384	21.3	3.5	27,375
18/12/2018	18	378	21.0	3.5	26,947
19/12/2018	18	392	21.8	3.5	27,945
20/12/2018	18	383	21.3	3.5	27,304
21/12/2018	18	384	21.3	3.5	27,375
22/12/2018	18	384	21.3	3.5	27,375
23/12/2018	18	416	23.1	3.5	29,656
24/12/2018	19	417	21.9	3.7	29,728
25/12/2018	19	420	22.1	3.7	29,941
26/12/2018	19	401	21.1	3.7	28,587
27/12/2018	19	406	21.4	3.7	28,943
28/12/2018	19	405	21.3	3.7	28,872
29/12/2018	19	409	21.5	3.7	29,157
30/12/2018	19	406	21.4	3.7	28,943
31/12/2018	19	405	21.3	3.7	28,872
